$ 1 0.000005 69.34413510434165 57 5 50 5e-11
r 176 224 240 224 0 10000
R 176 224 128 224 0 2 10 5 0 0 0.5
O 832 240 896 240 0 0
d 240 224 304 224 2 1N4148
a 304 240 448 240 9 12 -12 1000000 2.1052631578947367 4.134938783248997 100000
r 304 160 304 224 0 100000
g 304 160 304 112 0 0
r 304 256 304 320 0 47000
R 304 320 304 352 0 0 40 12 0 0 0.5
r 256 256 256 320 0 10000
g 256 320 256 352 0 0
w 256 256 304 256 0
d 448 176 448 240 2 1N4148
d 448 240 448 288 2 1N4148
174 448 288 480 352 1 100000 0.005 Resistance
174 448 176 480 112 1 100000 0.005 Resistance
a 496 240 640 240 9 12 -12 1000000 0.9295786664439581 0.9295879622306227 100000
d 704 240 736 240 2 1N4148
r 736 240 832 240 0 1000
w 496 224 496 144 0
w 496 144 480 144 0
w 496 224 480 224 0
w 480 224 480 320 0
c 480 320 480 384 0 0.000009999999999999999 0.9295879622306227 0
g 480 384 480 416 0 0
w 496 256 496 304 0
w 496 304 608 304 0
w 704 240 640 240 0
w 640 240 608 304 0
o 1 64 0 4098 20 0.0125 0 2 1 3
o 2 64 0 4098 20 0.00009765625 1 1
